7 8 4
FLAGGE
23 4 8 1 2 6 3 19
6 1 4 2 1 4 1 6
1 1 2 1 2 2 1 1
0 0 0 0 0 0 0 0
BOMBE
6 7 6 1 1 6 6 5
12 3 4 2 2 4 3 9
3 4 3 5 5 3 3 2
0 0 0 0 0 0 0 0
SPIONIN
1 2 2 1 1 2 2 2
4 4 4 2 2 4 6 6
5 5 5 11 10 6 7 7
0 0 0 0 0 0 0 0
SPAEHER
2 6 3 2 2 3 5 2
8 6 4 2 2 4 5 7
5 5 3 5 4 3 5 5
0 0 0 0 0 0 0 0
MINEUR
1 5 5 1 2 4 5 2
8 6 4 2 2 4 6 6
6 5 3 7 7 2 5 5
0 0 0 0 0 0 0 0
GENERAL
0 3 3 1 1 3 3 0
7 6 4 2 2 4 5 5
7 7 4 11 10 3 7 6
0 0 0 0 0 0 0 0
MARSCHALL
0 2 2 1 1 2 2 1
4 6 5 2 2 3 4 4
7 12 3 10 8 3 11 6
0 0 0 0 0 0 0 0
