7 8 4
FLAGGE
11 3 23 9 9 23 2 10
1 0 3 0 0 3 0 0
0 0 0 0 0 0 0 0
0 0 0 0 0 0 0 0
BOMBE
2 4 8 4 4 9 4 2
6 4 11 4 4 11 4 6
1 1 2 1 1 2 1 1
0 0 0 0 0 0 0 0
SPIONIN
0 0 1 1 0 1 0 0
1 3 31 6 6 32 3 1
0 0 6 0 0 6 0 0
0 0 0 0 0 0 0 0
SPAEHER
2 2 2 2 2 2 2 2
5 6 6 5 5 6 6 5
4 4 4 4 4 4 4 4
0 0 0 0 0 0 0 0
MINEUR
5 5 8 4 4 8 5 5
4 4 10 4 4 10 4 4
0 0 4 0 0 4 0 0
0 0 0 0 0 0 0 0
GENERAL
0 0 0 0 0 0 0 0
4 5 15 9 9 16 5 4
1 1 14 1 1 14 1 1
0 0 0 0 0 0 0 0
MARSCHALL
0 0 0 0 0 0 0 0
4 6 16 7 6 15 5 4
0 1 15 1 1 16 1 0
0 0 0 0 0 0 0 0
