7 8 4
FLAGGE
13 3 3 0 3 5 3 16
9 2 5 5 5 4 4 3
2 0 11 2 0 3 2 2
0 0 0 0 0 0 0 0
BOMBE
3 4 7 1 2 1 7 4
9 8 6 3 3 4 2 9
2 3 5 4 6 3 3 3
0 0 0 0 0 0 0 0
SPIONIN
3 0 0 6 3 0 0 3
3 9 0 6 9 12 9 6
0 3 3 3 0 15 3 0
0 0 0 0 0 0 0 0
SPAEHER
0 7 4 0 0 2 3 1
3 5 11 3 2 6 8 8
7 4 4 3 5 3 6 5
0 0 0 0 0 0 0 0
MINEUR
2 1 2 3 1 5 1 2
6 7 5 4 2 6 5 3
10 5 6 5 5 5 2 9
0 0 0 0 0 0 0 0
GENERAL
0 2 2 3 0 2 3 0
3 8 9 3 6 5 5 2
6 8 8 5 11 2 8 3
0 0 0 0 0 0 0 0
MARSCHALL
0 3 0 0 0 2 2 0
0 6 8 8 3 6 7 5
3 8 8 8 6 7 8 6
0 0 0 0 0 0 0 0
